0 1
0 2
0 3
0 4
0 5
0 6
0 7
0 8
0 9
0 10
0 11
0 12
0 13
0 14
0 15
0 16
0 17
0 18
0 19
0 20
0 21
0 22
0 23
0 24
0 25
0 26
0 27
0 28
0 29
0 30
31 50
31 56
31 42
32 49
32 46
32 60
33 48
34 58
34 59
34 44
35 54
36 38
37 40
38 59
39 45
39 53
39 43
40 44
40 46
41 48
41 42
42 59
43 54
43 51
43 60
47 48
48 57
51 55
52 55
61 105
62 91
62 104
62 76
62 67
63 75
64 100
64 103
64 110
65 84
65 85
65 72
66 91
67 68
67 92
67 77
67 89
69 93
70 103
71 104
72 73
73 98
73 102
74 99
74 76
75 96
75 97
76 80
77 87
78 110
79 88
79 109
80 102
80 83
80 105
81 104
82 107
83 93
83 108
86 87
87 97
89 103
90 93
94 105
95 97
98 101
99 106
105 109
107 109
111 130
111 136
111 122
112 129
112 126
112 140
113 128
114 138
114 139
114 124
115 134
116 118
116 121
117 120
118 139
119 125
119 133
119 123
120 124
120 126
121 128
121 122
122 139
123 134
123 131
123 140
127 128
128 137
131 135
132 135
